10000001
10001002
10001003
10007001
10010
10012001
10014001
10018001
10019001
10021001
10030001
10033001
10034001
10036
10036001
10038001
10042001
10043
10043001
11000001
11000002
11000003
11001002
11006001
11007001
11008
11008001
11016001
11017001
11022001
11023001
11023002
11028
11028001
11030
11030001
11033
11035001
11037
11038001
11041
11042
11042001
11043001
11048
11050001
12002001
12003001
12004001
12009001
12016
12016001
12019001
12020001
12030001
13002001
13005001
13006001
13006002
13008001
13009001
13010001
13014001
13015
13017002
13019
13019001
13020001
13022001
13026
13026001
14000001
14000002
14001
14001001
14002
14003
colab11054001
colab14005001
peak10001001
peak10010001
peak11011001
peak11029001
peak11033001
peak11034001
peak11048001
peak12018001
peak14003001
qab14002001
